  0.009  0.128  -7.05 -10.86 -13.93 -16.48 -18.66 -20.59 -22.36 -24.08 -25.84 -27.74 -29.84 -32.20 -34.82 -37.66 -40.68 -43.81 -47.00 -50.20 -53.37 -56.49 -59.54 -62.70 -66.11 -69.76 -73.16 -75.96 -77.90 -79.00 -79.54 -79.77 -79.87 -79.91 -79.93 -79.94 -79.94 -79.95 -79.95 -79.95 -79.95 -79.95
  0.018  0.255  -6.86 -10.73 -13.84 -16.42 -18.61 -20.55 -22.33 -24.06 -25.82 -27.72 -29.82 -32.18 -34.80 -37.64 -40.66 -43.79 -46.97 -50.17 -53.33 -56.44 -59.47 -62.62 -66.01 -69.64 -73.02 -75.82 -77.79 -78.93 -79.49 -79.75 -79.86 -79.91 -79.93 -79.94 -79.94 -79.95 -79.95 -79.95 -79.95 -79.95
  0.027  0.383  -6.53 -10.50 -13.69 -16.30 -18.53 -20.48 -22.28 -24.01 -25.78 -27.69 -29.79 -32.15 -34.77 -37.61 -40.63 -43.75 -46.93 -50.11 -53.26 -56.35 -59.36 -62.48 -65.84 -69.43 -72.79 -75.59 -77.60 -78.80 -79.42 -79.70 -79.83 -79.89 -79.92 -79.93 -79.94 -79.95 -79.95 -79.95 -79.95 -79.95
  0.036  0.510  -6.07 -10.19 -13.47 -16.15 -18.41 -20.39 -22.20 -23.95 -25.73 -27.64 -29.75 -32.11 -34.73 -37.57 -40.58 -43.70 -46.86 -50.03 -53.16 -56.23 -59.21 -62.29 -65.61 -69.15 -72.48 -75.28 -77.33 -78.61 -79.30 -79.63 -79.79 -79.87 -79.90 -79.92 -79.93 -79.94 -79.94 -79.94 -79.95 -79.95
  0.045  0.637  -5.47  -9.78 -13.19 -15.94 -18.25 -20.27 -22.11 -23.87 -25.67 -27.58 -29.70 -32.06 -34.68 -37.51 -40.52 -43.63 -46.78 -49.93 -53.04 -56.08 -59.02 -62.06 -65.31 -68.80 -72.08 -74.88 -76.99 -78.36 -79.13 -79.53 -79.73 -79.83 -79.88 -79.91 -79.92 -79.94 -79.94 -79.94 -79.94 -79.94
  0.054  0.765  -4.75  -9.27 -12.83 -15.69 -18.06 -20.12 -21.99 -23.77 -25.58 -27.51 -29.63 -32.00 -34.61 -37.45 -40.45 -43.54 -46.68 -49.81 -52.89 -55.90 -58.79 -61.77 -64.97 -68.39 -71.62 -74.40 -76.57 -78.03 -78.91 -79.39 -79.64 -79.77 -79.84 -79.88 -79.91 -79.93 -79.94 -79.94 -79.94 -79.94
  0.063  0.892  -3.91  -8.65 -12.41 -15.38 -17.84 -19.95 -21.85 -23.66 -25.48 -27.42 -29.55 -31.92 -34.54 -37.37 -40.36 -43.44 -46.57 -49.67 -52.72 -55.68 -58.53 -61.45 -64.57 -67.92 -71.09 -73.86 -76.07 -77.64 -78.63 -79.20 -79.51 -79.69 -79.79 -79.85 -79.89 -79.92 -79.93 -79.94 -79.94 -79.94
  0.072  1.020  -2.99  -7.92 -11.91 -15.03 -17.57 -19.74 -21.68 -23.52 -25.37 -27.32 -29.46 -31.84 -34.45 -37.28 -40.26 -43.33 -46.43 -49.51 -52.53 -55.44 -58.24 -61.09 -64.14 -67.41 -70.52 -73.26 -75.51 -77.17 -78.28 -78.96 -79.35 -79.58 -79.72 -79.80 -79.85 -79.91 -79.92 -79.93 -79.93 -79.94
  0.081  1.148  -2.04  -7.08 -11.32 -14.61 -17.26 -19.50 -21.50 -23.37 -25.24 -27.21 -29.36 -31.74 -34.35 -37.17 -40.15 -43.20 -46.28 -49.33 -52.31 -55.18 -57.91 -60.70 -63.67 -66.86 -69.90 -72.61 -74.89 -76.64 -77.86 -78.66 -79.14 -79.44 -79.62 -79.73 -79.81 -79.89 -79.91 -79.92 -79.93 -79.93
  0.090  1.275  -1.18  -6.12 -10.65 -14.13 -16.91 -19.23 -21.28 -23.19 -25.09 -27.08 -29.24 -31.63 -34.24 -37.06 -40.02 -43.06 -46.11 -49.13 -52.07 -54.89 -57.56 -60.27 -63.17 -66.28 -69.25 -71.93 -74.22 -76.04 -77.38 -78.29 -78.87 -79.25 -79.49 -79.64 -79.74 -79.86 -79.88 -79.90 -79.92 -79.93
  0.099  1.403  -0.52  -5.05  -9.88 -13.59 -16.51 -18.93 -21.04 -23.00 -24.93 -26.94 -29.11 -31.50 -34.12 -36.93 -39.88 -42.90 -45.93 -48.92 -51.81 -54.58 -57.19 -59.83 -62.64 -65.67 -68.58 -71.22 -73.51 -75.40 -76.84 -77.87 -78.56 -79.02 -79.32 -79.53 -79.66 -79.81 -79.86 -79.88 -79.90 -79.92
  0.108  1.530  -0.14  -3.91  -9.00 -12.98 -16.07 -18.59 -20.78 -22.78 -24.75 -26.78 -28.97 -31.37 -33.98 -36.79 -39.73 -42.73 -45.73 -48.68 -51.53 -54.25 -56.79 -59.36 -62.10 -65.05 -67.89 -70.49 -72.78 -74.71 -76.25 -77.38 -78.18 -78.74 -79.12 -79.38 -79.56 -79.76 -79.82 -79.86 -79.88 -79.90
  0.117  1.658  -0.01  -2.74  -8.02 -12.29 -15.57 -18.22 -20.48 -22.55 -24.55 -26.60 -28.81 -31.22 -33.84 -36.64 -39.56 -42.55 -45.52 -48.43 -51.24 -53.90 -56.38 -58.88 -61.54 -64.42 -67.19 -69.74 -72.03 -74.00 -75.61 -76.85 -77.75 -78.41 -78.87 -79.20 -79.43 -79.69 -79.77 -79.82 -79.86 -79.89
  0.126  1.785  -0.02  -1.67  -6.93 -11.52 -15.02 -17.80 -20.16 -22.28 -24.33 -26.41 -28.64 -31.06 -33.68 -36.48 -39.39 -42.35 -45.30 -48.17 -50.93 -53.53 -55.95 -58.38 -60.97 -63.78 -66.49 -69.00 -71.27 -73.26 -74.94 -76.27 -77.28 -78.03 -78.58 -78.98 -79.28 -79.60 -79.71 -79.78 -79.83 -79.87
  0.135  1.913  -0.03  -0.81  -5.73 -10.66 -14.40 -17.34 -19.80 -22.00 -24.09 -26.21 -28.45 -30.88 -33.51 -36.30 -39.20 -42.14 -45.06 -47.89 -50.60 -53.15 -55.51 -57.87 -60.39 -63.13 -65.79 -68.25 -70.51 -72.52 -74.24 -75.65 -76.76 -77.61 -78.25 -78.73 -79.09 -79.50 -79.64 -79.73 -79.80 -79.84
  0.144  2.040   0.02  -0.28  -4.46  -9.69 -13.72 -16.84 -19.41 -21.68 -23.83 -25.98 -28.25 -30.70 -33.32 -36.11 -39.00 -41.92 -44.80 -47.60 -50.26 -52.76 -55.05 -57.35 -59.80 -62.48 -65.09 -67.51 -69.75 -71.77 -73.53 -75.01 -76.20 -77.15 -77.88 -78.45 -78.88 -79.37 -79.55 -79.67 -79.75 -79.81
  0.153  2.168  -0.01  -0.05  -3.17  -8.62 -12.96 -16.28 -18.99 -21.35 -23.55 -25.74 -28.04 -30.49 -33.13 -35.91 -38.78 -41.68 -44.54 -47.29 -49.91 -52.35 -54.59 -56.83 -59.22 -61.84 -64.39 -66.78 -69.00 -71.02 -72.82 -74.35 -75.61 -76.65 -77.47 -78.12 -78.63 -79.22 -79.44 -79.59 -79.70 -79.77
  0.163  2.295  -0.55  -0.01  -1.96  -7.45 -12.12 -15.67 -18.52 -20.98 -23.25 -25.48 -27.81 -30.28 -32.92 -35.69 -38.55 -41.43 -44.26 -46.98 -49.55 -51.94 -54.12 -56.30 -58.63 -61.20 -63.70 -66.06 -68.25 -70.28 -72.10 -73.68 -75.01 -76.12 -77.03 -77.76 -78.35 -79.05 -79.32 -79.50 -79.63 -79.73
  0.172  2.422  -2.10  -0.01  -0.99  -6.17 -11.19 -15.00 -18.02 -20.58 -22.92 -25.21 -27.56 -30.05 -32.69 -35.47 -38.32 -41.17 -43.97 -46.65 -49.18 -51.51 -53.64 -55.76 -58.04 -60.56 -63.02 -65.34 -67.52 -69.54 -71.38 -73.00 -74.39 -75.57 -76.56 -77.37 -78.04 -78.85 -79.18 -79.40 -79.56 -79.67
  0.181  2.550  -4.60   0.01  -0.37  -4.81 -10.17 -14.27 -17.47 -20.15 -22.57 -24.91 -27.29 -29.80 -32.46 -35.23 -38.06 -40.90 -43.66 -46.31 -48.79 -51.08 -53.16 -55.23 -57.46 -59.93 -62.35 -64.64 -66.80 -68.82 -70.67 -72.32 -73.75 -75.00 -76.06 -76.95 -77.70 -78.63 -79.01 -79.28 -79.47 -79.61
  0.191  2.678  -7.48  -0.05  -0.09  -3.44  -9.04 -13.46 -16.87 -19.68 -22.19 -24.59 -27.01 -29.55 -32.21 -34.98 -37.80 -40.61 -43.35 -45.96 -48.40 -50.64 -52.67 -54.70 -56.88 -59.31 -61.69 -63.96 -66.10 -68.11 -69.97 -71.65 -73.12 -74.42 -75.54 -76.51 -77.33 -78.38 -78.83 -79.15 -79.38 -79.54
  0.200  2.805 -10.34  -0.55  -0.02  -2.15  -7.80 -12.57 -16.21 -19.18 -21.78 -24.25 -26.71 -29.27 -31.94 -34.71 -37.53 -40.32 -43.03 -45.60 -48.00 -50.20 -52.19 -54.16 -56.30 -58.69 -61.04 -63.28 -65.41 -67.41 -69.28 -70.98 -72.48 -73.83 -75.01 -76.05 -76.95 -78.11 -78.63 -78.99 -79.26 -79.46
  0.210  2.933 -13.02  -1.93  -0.01  -1.11  -6.47 -11.60 -15.50 -18.63 -21.35 -23.88 -26.39 -28.98 -31.66 -34.44 -37.24 -40.01 -42.69 -45.23 -47.60 -49.75 -51.69 -53.63 -55.73 -58.08 -60.41 -62.62 -64.73 -66.73 -68.60 -70.32 -71.85 -73.23 -74.47 -75.57 -76.53 -77.82 -78.40 -78.82 -79.14 -79.36
  0.219  3.060 -15.51  -4.19   0.01  -0.43  -5.05 -10.53 -14.73 -18.04 -20.88 -23.49 -26.06 -28.67 -31.37 -34.14 -36.94 -39.69 -42.35 -44.86 -47.18 -49.30 -51.20 -53.10 -55.16 -57.48 -59.78 -61.97 -64.07 -66.06 -67.94 -69.66 -71.22 -72.64 -73.92 -75.07 -76.11 -77.50 -78.15 -78.64 -78.99 -79.26
  0.229  3.188 -17.80  -6.87  -0.06  -0.11  -3.62  -9.35 -13.88 -17.41 -20.37 -23.07 -25.70 -28.34 -31.06 -33.84 -36.63 -39.36 -42.00 -44.47 -46.76 -48.84 -50.71 -52.57 -54.60 -56.89 -59.16 -61.34 -63.42 -65.41 -67.28 -69.02 -70.59 -72.04 -73.37 -74.57 -75.66 -77.17 -77.89 -78.43 -78.84 -79.14
  0.238  3.315 -19.93  -9.58  -0.55  -0.02  -2.28  -8.07 -12.95 -16.72 -19.83 -22.63 -25.31 -28.00 -30.74 -33.52 -36.30 -39.02 -41.63 -44.08 -46.34 -48.39 -50.22 -52.04 -54.04 -56.31 -58.56 -60.71 -62.78 -64.77 -66.64 -68.39 -69.98 -71.45 -72.81 -74.06 -75.20 -76.81 -77.60 -78.20 -78.67 -79.01
  0.248  3.442 -21.92 -12.16  -1.85  -0.01  -1.19  -6.69 -11.94 -15.97 -19.25 -22.16 -24.91 -27.64 -30.40 -33.19 -35.97 -38.67 -41.26 -43.68 -45.91 -47.92 -49.72 -51.52 -53.49 -55.74 -57.96 -60.10 -62.16 -64.14 -66.02 -67.77 -69.37 -70.87 -72.25 -73.54 -74.74 -76.44 -77.30 -77.96 -78.48 -78.87
  0.258  3.570 -23.79 -14.56  -3.98   0.01  -0.47  -5.22 -10.83 -15.15 -18.63 -21.65 -24.48 -27.25 -30.04 -32.84 -35.62 -38.31 -40.88 -43.27 -45.47 -47.46 -49.23 -51.00 -52.95 -55.17 -57.38 -59.51 -61.56 -63.53 -65.40 -67.16 -68.77 -70.29 -71.70 -73.02 -74.26 -76.06 -76.98 -77.70 -78.27 -78.71
  0.268  3.697 -25.54 -16.79  -6.54  -0.07  -0.14  -3.75  -9.61 -14.27 -17.95 -21.11 -24.02 -26.85 -29.67 -32.48 -35.25 -37.94 -40.49 -42.86 -45.03 -46.99 -48.74 -50.48 -52.41 -54.61 -56.80 -58.92 -60.96 -62.92 -64.80 -66.56 -68.19 -69.72 -71.15 -72.50 -73.79 -75.66 -76.64 -77.43 -78.06 -78.54
  0.278  3.825 -27.21 -18.85  -9.16  -0.56  -0.03  -2.37  -8.29 -13.31 -17.23 -20.53 -23.54 -26.42 -29.28 -32.10 -34.88 -37.56 -40.09 -42.44 -44.59 -46.52 -48.24 -49.96 -51.87 -54.06 -56.24 -58.34 -60.38 -62.34 -64.21 -65.98 -67.61 -69.15 -70.61 -71.98 -73.30 -75.25 -76.30 -77.14 -77.82 -78.36
  0.287  3.953 -28.79 -20.79 -11.67  -1.82  -0.01  -1.25  -6.87 -12.25 -16.44 -19.91 -23.02 -25.97 -28.86 -31.71 -34.49 -37.16 -39.68 -42.01 -44.14 -46.05 -47.75 -49.45 -51.34 -53.51 -55.68 -57.78 -59.80 -61.76 -63.64 -65.40 -67.04 -68.60 -70.07 -71.47 -72.82 -74.84 -75.94 -76.84 -77.57 -78.16
  0.298  4.080 -30.30 -22.60 -14.01  -3.88   0.01  -0.51  -5.37 -11.11 -15.59 -19.25 -22.48 -25.50 -28.43 -31.30 -34.09 -36.76 -39.26 -41.58 -43.69 -45.58 -47.26 -48.95 -50.82 -52.98 -55.13 -57.22 -59.24 -61.19 -63.07 -64.84 -66.48 -68.05 -69.54 -70.96 -72.34 -74.41 -75.57 -76.52 -77.31 -77.95
  0.308  4.207 -31.74 -24.30 -16.18  -6.37  -0.07  -0.16  -3.86  -9.86 -14.67 -18.54 -21.90 -25.00 -27.98 -30.88 -33.67 -36.34 -38.84 -41.14 -43.23 -45.11 -46.77 -48.44 -50.30 -52.45 -54.59 -56.67 -58.69 -60.64 -62.51 -64.29 -65.93 -67.51 -69.01 -70.45 -71.85 -73.98 -75.19 -76.19 -77.04 -77.73
  0.318  4.335 -33.13 -25.92 -18.21  -8.92  -0.56  -0.05  -2.45  -8.50 -13.67 -17.78 -21.28 -24.47 -27.51 -30.43 -33.25 -35.91 -38.40 -40.70 -42.77 -44.63 -46.28 -47.94 -49.79 -51.92 -54.06 -56.13 -58.14 -60.09 -61.97 -63.74 -65.40 -66.98 -68.49 -69.95 -71.37 -73.55 -74.80 -75.86 -76.75 -77.49
  0.328  4.463 -34.46 -27.46 -20.10 -11.37  -1.81  -0.01  -1.31  -7.04 -12.59 -16.95 -20.62 -23.92 -27.01 -29.97 -32.80 -35.47 -37.96 -40.24 -42.31 -44.16 -45.79 -47.44 -49.28 -51.40 -53.54 -55.60 -57.61 -59.56 -61.43 -63.21 -64.87 -66.45 -67.98 -69.45 -70.89 -73.12 -74.41 -75.51 -76.45 -77.25
  0.338  4.590 -35.75 -28.93 -21.87 -13.67  -3.84   0.02  -0.56  -5.51 -11.40 -16.07 -19.92 -23.33 -26.49 -29.49 -32.34 -35.02 -37.51 -39.78 -41.84 -43.68 -45.30 -46.94 -48.77 -50.89 -53.02 -55.08 -57.09 -59.03 -60.91 -62.68 -64.35 -65.94 -67.47 -68.95 -70.42 -72.68 -74.01 -75.15 -76.15 -76.99
  0.349  4.718 -36.99 -30.33 -23.54 -15.80  -6.27  -0.07  -0.19  -3.97 -10.12 -15.11 -19.16 -22.70 -25.95 -28.99 -31.87 -34.56 -37.05 -39.32 -41.37 -43.20 -44.82 -46.45 -48.27 -50.39 -52.51 -54.57 -56.57 -58.51 -60.39 -62.17 -63.83 -65.43 -66.97 -68.46 -69.95 -72.24 -73.61 -74.79 -75.83 -76.72
  0.360  4.845 -38.20 -31.68 -25.12 -17.79  -8.78  -0.56  -0.06  -2.53  -8.72 -14.07 -18.36 -22.04 -25.37 -28.47 -31.38 -34.08 -36.58 -38.85 -40.89 -42.72 -44.33 -45.95 -47.77 -49.88 -52.00 -54.06 -56.06 -58.00 -59.88 -61.66 -63.33 -64.93 -66.48 -67.98 -69.48 -71.81 -73.20 -74.42 -75.50 -76.44
  0.370  4.973 -39.37 -32.98 -26.63 -19.64 -11.19  -1.82  -0.01  -1.37  -7.23 -12.95 -17.50 -21.34 -24.77 -27.93 -30.87 -33.59 -36.10 -38.37 -40.41 -42.23 -43.84 -45.46 -47.28 -49.39 -51.50 -53.56 -55.56 -57.50 -59.38 -61.16 -62.83 -64.44 -65.99 -67.51 -69.01 -71.37 -72.79 -74.05 -75.17 -76.15
  0.381  5.100 -40.50 -34.23 -28.06 -21.38 -13.44  -3.82   0.03  -0.61  -5.66 -11.72 -16.57 -20.59 -24.13 -27.36 -30.34 -33.09 -35.60 -37.88 -39.93 -41.75 -43.36 -44.97 -46.79 -48.89 -51.01 -53.06 -55.06 -57.01 -58.88 -60.67 -62.34 -63.95 -65.51 -67.03 -68.55 -70.94 -72.39 -73.67 -74.83 -75.85
  0.392  5.228 -41.61 -35.44 -29.43 -23.03 -15.54  -6.22  -0.05  -0.23  -4.09 -10.40 -15.57 -19.80 -23.46 -26.77 -29.80 -32.57 -35.10 -37.39 -39.44 -41.26 -42.87 -44.49 -46.30 -48.41 -50.52 -52.57 -54.57 -56.52 -58.40 -60.18 -61.86 -63.48 -65.04 -66.57 -68.10 -70.50 -71.98 -73.29 -74.49 -75.54
  0.403  5.355 -42.69 -36.61 -30.75 -24.58 -17.50  -8.68  -0.56  -0.08  -2.63  -8.97 -14.49 -18.95 -22.76 -26.15 -29.23 -32.04 -34.59 -36.89 -38.94 -40.77 -42.38 -44.00 -45.81 -47.92 -50.03 -52.09 -54.09 -56.03 -57.92 -59.71 -61.38 -63.00 -64.57 -66.11 -67.65 -70.07 -71.57 -72.91 -74.14 -75.23
  0.414  5.482 -43.74 -37.75 -32.02 -26.06 -19.32 -11.06  -1.82  -0.01  -1.45  -7.43 -13.33 -18.04 -22.01 -25.50 -28.64 -31.49 -34.07 -36.38 -38.44 -40.28 -41.89 -43.51 -45.33 -47.44 -49.55 -51.61 -53.61 -55.56 -57.44 -59.23 -60.91 -62.54 -64.11 -65.65 -67.20 -69.64 -71.16 -72.53 -73.78 -74.91
  0.425  5.610 -44.77 -38.86 -33.25 -27.47 -21.04 -13.28  -3.81   0.05  -0.67  -5.83 -12.06 -17.07 -21.22 -24.82 -28.04 -30.93 -33.53 -35.86 -37.94 -39.78 -41.40 -43.03 -44.85 -46.96 -49.08 -51.14 -53.14 -55.09 -56.97 -58.77 -60.45 -62.08 -63.66 -65.20 -66.75 -69.21 -70.75 -72.14 -73.42 -74.58
  0.436  5.737 -45.78 -39.94 -34.44 -28.82 -22.65 -15.35  -6.18  -0.03  -0.27  -4.22 -10.70 -16.03 -20.38 -24.11 -27.40 -30.34 -32.98 -35.33 -37.43 -39.28 -40.91 -42.54 -44.37 -46.48 -48.61 -50.67 -52.67 -54.62 -56.51 -58.31 -59.99 -61.62 -63.20 -64.76 -66.32 -68.79 -70.34 -71.75 -73.06 -74.25
  0.448  5.865 -46.77 -40.99 -35.59 -30.11 -24.18 -17.27  -8.61  -0.54  -0.10  -2.74  -9.22 -14.91 -19.49 -23.36 -26.74 -29.74 -32.42 -34.80 -36.91 -38.77 -40.41 -42.06 -43.89 -46.01 -48.14 -50.20 -52.21 -54.16 -56.05 -57.85 -59.54 -61.17 -62.76 -64.31 -65.88 -68.37 -69.93 -71.37 -72.70 -73.92
  0.460  5.992 -47.73 -42.02 -36.70 -31.36 -25.63 -19.07 -10.95  -1.81  -0.01  -1.54  -7.65 -13.70 -18.55 -22.58 -26.06 -29.12 -31.84 -34.25 -36.38 -38.27 -39.92 -41.57 -43.41 -45.54 -47.67 -49.74 -51.75 -53.71 -55.60 -57.40 -59.09 -60.73 -62.32 -63.88 -65.45 -67.95 -69.53 -70.98 -72.33 -73.58
  0.471  6.120 -48.68 -43.03 -37.79 -32.56 -27.02 -20.76 -13.14  -3.79   0.07  -0.74  -6.01 -12.40 -17.53 -21.75 -25.34 -28.48 -31.25 -33.69 -35.85 -37.75 -39.42 -41.09 -42.94 -45.07 -47.20 -49.28 -51.29 -53.25 -55.15 -56.95 -58.65 -60.29 -61.88 -63.45 -65.02 -67.53 -69.12 -70.59 -71.96 -73.24
  0.483  6.247 -49.62 -44.01 -38.84 -33.73 -28.35 -22.34 -15.17  -6.14   0.01  -0.33  -4.37 -10.99 -16.45 -20.87 -24.59 -27.82 -30.64 -33.12 -35.31 -37.23 -38.92 -40.60 -42.46 -44.60 -46.74 -48.82 -50.84 -52.81 -54.70 -56.51 -58.21 -59.85 -61.45 -63.02 -64.60 -67.12 -68.72 -70.20 -71.59 -72.89
  0.495  6.375 -50.54 -44.98 -39.88 -34.86 -29.62 -23.85 -17.07  -8.54  -0.51  -0.13  -2.86  -9.47 -15.29 -19.94 -23.81 -27.13 -30.01 -32.54 -34.76 -36.71 -38.42 -40.11 -41.98 -44.13 -46.28 -48.37 -50.39 -52.36 -54.26 -56.07 -57.78 -59.42 -61.02 -62.59 -64.18 -66.71 -68.32 -69.81 -71.22 -72.54
  0.507  6.503 -51.44 -45.92 -40.88 -35.95 -30.85 -25.28 -18.84 -10.84  -1.78   0.00  -1.64  -7.86 -14.04 -18.95 -22.99 -26.41 -29.37 -31.95 -34.20 -36.18 -37.91 -39.62 -41.51 -43.67 -45.82 -47.91 -49.95 -51.92 -53.83 -55.64 -57.35 -58.99 -60.60 -62.17 -63.76 -66.30 -67.92 -69.43 -70.85 -72.19
  0.520  6.630 -52.33 -46.85 -41.87 -37.02 -32.03 -26.64 -20.49 -12.99  -3.76   0.11  -0.83  -6.18 -12.69 -17.90 -22.12 -25.67 -28.70 -31.34 -33.64 -35.64 -37.40 -39.13 -41.03 -43.20 -45.37 -47.47 -49.50 -51.48 -53.39 -55.21 -56.92 -58.57 -60.18 -61.76 -63.35 -65.89 -67.52 -69.04 -70.48 -71.84
  0.532  6.758 -53.20 -47.77 -42.84 -38.06 -33.17 -27.94 -22.05 -14.99  -6.08   0.07  -0.38  -4.51 -11.24 -16.78 -21.21 -24.89 -28.02 -30.72 -33.06 -35.10 -36.88 -38.63 -40.55 -42.73 -44.91 -47.02 -49.06 -51.04 -52.96 -54.78 -56.49 -58.15 -59.76 -61.34 -62.94 -65.49 -67.13 -68.66 -70.11 -71.49
  0.545  6.885 -54.07 -48.67 -43.78 -39.07 -34.28 -29.19 -23.53 -16.85  -8.45  -0.45  -0.15  -2.97  -9.69 -15.58 -20.25 -24.08 -27.31 -30.08 -32.47 -34.55 -36.36 -38.13 -40.07 -42.27 -44.46 -46.57 -48.62 -50.61 -52.53 -54.36 -56.07 -57.73 -59.34 -60.93 -62.53 -65.09 -66.74 -68.27 -69.74 -71.13
  0.558  7.013 -54.92 -49.55 -44.71 -40.06 -35.36 -30.40 -24.93 -18.59 -10.71  -1.74   0.02  -1.74  -8.04 -14.30 -19.23 -23.23 -26.57 -29.42 -31.87 -33.99 -35.83 -37.63 -39.59 -41.80 -44.00 -46.12 -48.18 -50.18 -52.10 -53.93 -55.65 -57.32 -58.93 -60.52 -62.13 -64.69 -66.34 -67.89 -69.37 -70.77
  0.571  7.140 -55.76 -50.43 -45.63 -41.03 -36.40 -31.56 -26.27 -20.22 -12.83  -3.72   0.16  -0.90  -6.33 -12.92 -18.15 -22.34 -25.81 -28.74 -31.25 -33.42 -35.30 -37.12 -39.10 -41.33 -43.55 -45.68 -47.75 -49.75 -51.68 -53.51 -55.24 -56.91 -58.52 -60.12 -61.73 -64.29 -65.95 -67.51 -69.00 -70.41
  0.584  7.268 -56.60 -51.29 -46.53 -41.98 -37.43 -32.68 -27.55 -21.75 -14.79  -6.01   0.13  -0.44  -4.63 -11.44 -17.01 -21.41 -25.02 -28.04 -30.62 -32.84 -34.76 -36.61 -38.62 -40.86 -43.09 -45.23 -47.31 -49.32 -51.26 -53.10 -54.83 -56.50 -58.12 -59.71 -61.33 -63.89 -65.56 -67.13 -68.62 -70.06
  0.598  7.395 -57.42 -52.14 -47.41 -42.91 -38.42 -33.77 -28.78 -23.20 -16.62  -8.35  -0.39  -0.17  -3.07  -9.85 -15.78 -20.43 -24.19 -27.32 -29.98 -32.25 -34.21 -36.10 -38.13 -40.39 -42.63 -44.79 -46.87 -48.89 -50.84 -52.68 -54.41 -56.09 -57.71 -59.31 -60.93 -63.50 -65.17 -66.75 -68.25 -69.70
  0.611  7.523 -58.23 -52.98 -48.28 -43.82 -39.39 -34.82 -29.95 -24.57 -18.32 -10.57  -1.69   0.04  -1.82  -8.17 -14.46 -19.39 -23.33 -26.58 -29.31 -31.65 -33.65 -35.58 -37.63 -39.92 -42.18 -44.35 -46.44 -48.46 -50.42 -52.27 -54.00 -55.68 -57.31 -58.91 -60.54 -63.11 -64.79 -66.37 -67.88 -69.34
  0.625  7.650 -59.04 -53.81 -49.14 -44.72 -40.34 -35.85 -31.09 -25.88 -19.91 -12.65  -3.66   0.21  -0.97  -6.43 -13.06 -18.29 -22.42 -25.80 -28.63 -31.03 -33.09 -35.05 -37.13 -39.44 -41.72 -43.90 -46.01 -48.04 -50.00 -51.85 -53.60 -55.28 -56.91 -58.52 -60.14 -62.72 -64.40 -65.99 -67.51 -68.97
  0.639  7.777 -59.83 -54.63 -49.99 -45.61 -41.28 -36.85 -32.19 -27.13 -21.41 -14.57  -5.94   0.20  -0.48  -4.71 -11.55 -17.12 -21.48 -25.00 -27.93 -30.40 -32.51 -34.52 -36.63 -38.97 -41.26 -43.45 -45.57 -47.61 -49.58 -51.44 -53.19 -54.88 -56.51 -58.12 -59.75 -62.33 -64.02 -65.61 -67.14 -68.61
  0.654  7.905 -60.62 -55.44 -50.83 -46.48 -42.19 -37.83 -33.25 -28.32 -22.82 -16.36  -8.24  -0.33  -0.18  -3.14  -9.94 -15.87 -20.48 -24.17 -27.21 -29.76 -31.93 -33.97 -36.12 -38.48 -40.80 -43.01 -45.14 -47.19 -49.16 -51.03 -52.78 -54.47 -56.12 -57.73 -59.36 -61.94 -63.64 -65.23 -66.77 -68.25
  0.668  8.033 -61.40 -56.24 -51.66 -47.33 -43.09 -38.78 -34.28 -29.48 -24.17 -18.02 -10.42  -1.65   0.06  -1.88  -8.24 -14.54 -19.43 -23.30 -26.46 -29.10 -31.33 -33.43 -35.61 -38.00 -40.33 -42.56 -44.70 -46.76 -48.74 -50.62 -52.38 -54.07 -55.72 -57.33 -58.97 -61.55 -63.25 -64.85 -66.40 -67.89
  0.683  8.160 -62.18 -57.04 -52.47 -48.18 -43.97 -39.71 -35.29 -30.58 -25.44 -19.58 -12.46  -3.62   0.27  -1.02  -6.49 -13.12 -18.31 -22.39 -25.69 -28.42 -30.72 -32.87 -35.09 -37.51 -39.86 -42.11 -44.26 -46.34 -48.33 -50.21 -51.97 -53.67 -55.32 -56.94 -58.58 -61.17 -62.87 -64.48 -66.03 -67.53
  0.698  8.287 -62.95 -57.83 -53.29 -49.02 -44.84 -40.62 -36.26 -31.66 -26.66 -21.05 -14.35  -5.88   0.27  -0.51  -4.76 -11.59 -17.13 -21.44 -24.88 -27.72 -30.10 -32.30 -34.57 -37.01 -39.39 -41.65 -43.82 -45.91 -47.91 -49.80 -51.57 -53.28 -54.93 -56.55 -58.19 -60.78 -62.49 -64.10 -65.66 -67.16
  0.714  8.415 -63.71 -58.61 -54.09 -49.84 -45.69 -41.52 -37.22 -32.69 -27.83 -22.43 -16.10  -8.14  -0.28  -0.18  -3.18  -9.97 -15.88 -20.43 -24.05 -27.00 -29.46 -31.72 -34.03 -36.51 -38.92 -41.20 -43.38 -45.48 -47.49 -49.39 -51.17 -52.88 -54.53 -56.16 -57.81 -60.40 -62.11 -63.72 -65.29 -66.80
  0.730  8.543 -64.46 -59.39 -54.88 -50.66 -46.53 -42.40 -38.15 -33.70 -28.95 -23.73 -17.73 -10.30  -1.62   0.09  -1.92  -8.26 -14.54 -19.38 -23.18 -26.25 -28.80 -31.13 -33.49 -36.01 -38.44 -40.74 -42.94 -45.05 -47.07 -48.98 -50.76 -52.48 -54.14 -55.77 -57.42 -60.01 -61.73 -63.35 -64.91 -66.43
  0.746  8.670 -65.20 -60.16 -55.67 -51.46 -47.37 -43.26 -39.05 -34.67 -30.03 -24.98 -19.25 -12.30  -3.60   0.32  -1.05  -6.50 -13.10 -18.26 -22.27 -25.48 -28.13 -30.53 -32.94 -35.50 -37.95 -40.28 -42.50 -44.62 -46.65 -48.57 -50.36 -52.08 -53.75 -55.38 -57.03 -59.63 -61.35 -62.97 -64.54 -66.07
  0.762  8.797 -65.94 -60.93 -56.45 -52.26 -48.18 -44.11 -39.94 -35.62 -31.07 -26.17 -20.68 -14.16  -5.85   0.33  -0.52  -4.76 -11.57 -17.07 -21.31 -24.69 -27.44 -29.91 -32.38 -34.98 -37.47 -39.81 -42.05 -44.19 -46.23 -48.15 -49.95 -51.68 -53.35 -54.99 -56.65 -59.25 -60.97 -62.60 -64.17 -65.70
  0.779  8.925 -66.67 -61.68 -57.23 -53.05 -48.99 -44.94 -40.82 -36.55 -32.08 -27.30 -22.03 -15.87  -8.09  -0.24  -0.18  -3.19  -9.94 -15.81 -20.31 -23.85 -26.72 -29.28 -31.81 -34.45 -36.97 -39.34 -41.60 -43.75 -45.80 -47.74 -49.55 -51.28 -52.96 -54.60 -56.26 -58.86 -60.59 -62.22 -63.80 -65.34
  0.796  9.053 -67.39 -62.44 -58.00 -53.84 -49.80 -45.77 -41.67 -37.45 -33.05 -28.39 -23.31 -17.47 -10.22  -1.62   0.12  -1.93  -8.23 -14.47 -19.26 -22.99 -25.99 -28.64 -31.23 -33.91 -36.47 -38.87 -41.14 -43.31 -45.38 -47.32 -49.14 -50.88 -52.57 -54.21 -55.88 -58.48 -60.21 -61.84 -63.43 -64.97
  0.813  9.180 -68.10 -63.19 -58.76 -54.61 -50.59 -46.58 -42.51 -38.34 -34.00 -29.44 -24.53 -18.97 -12.19  -3.62   0.37  -1.07  -6.47 -13.04 -18.14 -22.08 -25.22 -27.97 -30.63 -33.37 -35.96 -38.39 -40.69 -42.87 -44.95 -46.91 -48.73 -50.48 -52.17 -53.82 -55.49 -58.09 -59.83 -61.47 -63.05 -64.60
  0.831  9.307 -68.80 -63.93 -59.52 -55.38 -51.37 -47.38 -43.34 -39.20 -34.92 -30.46 -25.69 -20.37 -14.02  -5.86   0.37  -0.53  -4.74 -11.51 -16.96 -21.14 -24.43 -27.29 -30.02 -32.81 -35.45 -37.90 -40.22 -42.43 -44.52 -46.49 -48.32 -50.08 -51.77 -53.43 -55.10 -57.71 -59.45 -61.09 -62.68 -64.23
  0.849  9.435 -69.50 -64.66 -60.27 -56.15 -52.15 -48.17 -44.15 -40.05 -35.82 -31.44 -26.79 -21.69 -15.71  -8.09  -0.23  -0.16  -3.18  -9.88 -15.70 -20.14 -23.61 -26.58 -29.40 -32.25 -34.92 -37.41 -39.76 -41.98 -44.09 -46.07 -47.91 -49.67 -51.38 -53.04 -54.71 -57.32 -59.06 -60.71 -62.31 -63.86
  0.867  9.563 -70.18 -65.40 -61.02 -56.91 -52.92 -48.95 -44.95 -40.88 -36.70 -32.39 -27.86 -22.95 -17.29 -10.20  -1.65   0.15  -1.93  -8.17 -14.36 -19.09 -22.75 -25.85 -28.76 -31.67 -34.39 -36.91 -39.28 -41.53 -43.65 -45.64 -47.50 -49.27 -50.98 -52.65 -54.33 -56.93 -58.68 -60.33 -61.93 -63.49
  0.886  9.690 -70.84 -66.12 -61.77 -57.66 -53.68 -49.73 -45.74 -41.69 -37.56 -33.31 -28.88 -24.14 -18.76 -12.15  -3.68   0.41  -1.07  -6.42 -12.93 -17.98 -21.86 -25.10 -28.10 -31.08 -33.85 -36.41 -38.81 -41.07 -43.21 -45.22 -47.08 -48.86 -50.58 -52.25 -53.93 -56.54 -58.29 -59.95 -61.55 -63.11
  0.906  9.818 -71.50 -66.84 -62.51 -58.42 -54.44 -50.49 -46.52 -42.49 -38.39 -34.20 -29.87 -25.27 -20.14 -13.96  -5.93   0.40  -0.53  -4.70 -11.41 -16.81 -20.92 -24.31 -27.42 -30.47 -33.30 -35.89 -38.32 -40.61 -42.77 -44.79 -46.66 -48.45 -50.17 -51.85 -53.54 -56.15 -57.91 -59.57 -61.17 -62.74
  0.926  9.945 -72.13 -67.55 -63.25 -59.16 -55.19 -51.25 -47.29 -43.28 -39.21 -35.08 -30.83 -26.36 -21.45 -15.64  -8.15  -0.24  -0.15  -3.15  -9.79 -15.56 -19.93 -23.50 -26.72 -29.85 -32.73 -35.37 -37.83 -40.14 -42.32 -44.35 -46.24 -48.04 -49.77 -51.46 -53.15 -55.76 -57.52 -59.18 -60.79 -62.36
  0.946 10.073 -72.75 -68.26 -63.98 -59.90 -55.94 -52.00 -48.05 -44.06 -40.02 -35.93 -31.75 -27.40 -22.68 -17.20 -10.24  -1.72   0.19  -1.92  -8.09 -14.23 -18.89 -22.65 -26.00 -29.22 -32.15 -34.84 -37.33 -39.67 -41.86 -43.91 -45.81 -47.62 -49.36 -51.05 -52.75 -55.37 -57.13 -58.80 -60.41 -61.99
  0.967 10.200 -73.35 -68.95 -64.71 -60.64 -56.68 -52.75 -48.80 -44.82 -40.81 -36.76 -32.65 -28.41 -23.86 -18.65 -12.19  -3.78   0.45  -1.06  -6.35 -12.81 -17.79 -21.76 -25.25 -28.56 -31.56 -34.30 -36.82 -39.19 -41.41 -43.47 -45.39 -47.21 -48.95 -50.65 -52.36 -54.97 -56.74 -58.41 -60.03 -61.60
  0.988 10.328 -73.93 -69.64 -65.43 -61.38 -57.42 -53.49 -49.55 -45.58 -41.59 -37.58 -33.53 -29.38 -24.98 -20.02 -13.99  -6.04   0.42  -0.52  -4.65 -11.30 -16.63 -20.83 -24.47 -27.88 -30.96 -33.74 -36.31 -38.70 -40.94 -43.03 -44.95 -46.78 -48.54 -50.25 -51.96 -54.57 -56.35 -58.02 -59.64 -61.22
  1.010 10.455 -74.49 -70.32 -66.15 -62.11 -58.15 -54.22 -50.28 -46.33 -42.35 -38.37 -34.38 -30.32 -26.05 -21.32 -15.65  -8.26  -0.28  -0.12  -3.13  -9.69 -15.39 -19.85 -23.66 -27.18 -30.34 -33.18 -35.78 -38.20 -40.47 -42.57 -44.52 -46.36 -48.12 -49.84 -51.55 -54.17 -55.95 -57.63 -59.25 -60.84
  1.033 10.583 -75.01 -70.98 -66.87 -62.84 -58.88 -54.95 -51.01 -47.06 -43.11 -39.16 -35.21 -31.23 -27.08 -22.54 -17.21 -10.36  -1.81   0.22  -1.91  -8.01 -14.08 -18.82 -22.81 -26.46 -29.70 -32.60 -35.25 -37.70 -39.99 -42.12 -44.07 -45.93 -47.70 -49.43 -51.15 -53.77 -55.55 -57.23 -58.86 -60.45
  1.056 10.710 -75.52 -71.63 -67.57 -63.56 -59.61 -55.68 -51.74 -47.79 -43.85 -39.93 -36.03 -32.11 -28.08 -23.71 -18.66 -12.30  -3.92   0.49  -1.06  -6.28 -12.67 -17.73 -21.93 -25.71 -29.04 -32.00 -34.70 -37.19 -39.51 -41.65 -43.63 -45.50 -47.28 -49.01 -50.74 -53.36 -55.15 -56.83 -58.47 -60.06
  1.079 10.838 -75.99 -72.27 -68.28 -64.28 -60.33 -56.40 -52.46 -48.52 -44.58 -40.68 -36.83 -32.98 -29.04 -24.83 -20.03 -14.09  -6.20   0.43  -0.50  -4.61 -11.17 -16.57 -21.00 -24.93 -28.36 -31.39 -34.14 -36.67 -39.01 -41.18 -43.17 -45.06 -46.85 -48.59 -50.33 -52.95 -54.75 -56.43 -58.07 -59.67
  1.104 10.965 -76.43 -72.89 -68.97 -65.00 -61.05 -57.12 -53.17 -49.23 -45.31 -41.43 -37.61 -33.82 -29.97 -25.90 -21.32 -15.76  -8.43  -0.33  -0.10  -3.10  -9.58 -15.34 -20.02 -24.12 -27.65 -30.76 -33.56 -36.13 -38.51 -40.70 -42.72 -44.61 -46.42 -48.17 -49.91 -52.54 -54.34 -56.03 -57.67 -59.27
  1.129 11.092 -76.84 -73.49 -69.66 -65.72 -61.77 -57.83 -53.89 -49.94 -46.03 -42.17 -38.38 -34.64 -30.87 -26.92 -22.54 -17.31 -10.53  -1.94   0.26  -1.89  -7.92 -14.03 -18.99 -23.27 -26.92 -30.11 -32.98 -35.59 -38.00 -40.22 -42.25 -44.16 -45.98 -47.74 -49.49 -52.12 -53.93 -55.62 -57.27 -58.87
  1.155 11.220 -77.22 -74.07 -70.33 -66.43 -62.49 -58.54 -54.59 -50.65 -46.74 -42.89 -39.14 -35.44 -31.75 -27.92 -23.71 -18.77 -12.48  -4.09   0.52  -1.05  -6.22 -12.63 -17.90 -22.37 -26.16 -29.45 -32.37 -35.03 -37.48 -39.72 -41.78 -43.71 -45.54 -47.31 -49.07 -51.70 -53.51 -55.21 -56.86 -58.47
  1.182 11.348 -77.57 -74.63 -71.00 -67.13 -63.20 -59.25 -55.30 -51.35 -47.44 -43.61 -39.88 -36.23 -32.61 -28.88 -24.83 -20.14 -14.28  -6.40   0.43  -0.49  -4.57 -11.14 -16.74 -21.44 -25.37 -28.75 -31.75 -34.46 -36.95 -39.22 -41.30 -43.25 -45.09 -46.87 -48.64 -51.28 -53.09 -54.80 -56.45 -58.07
  1.209 11.475 -77.88 -75.16 -71.65 -67.83 -63.91 -59.96 -56.00 -52.05 -48.14 -44.33 -40.62 -37.01 -33.45 -29.81 -25.90 -21.43 -15.95  -8.65  -0.40  -0.07  -3.08  -9.55 -15.50 -20.45 -24.55 -28.04 -31.11 -33.88 -36.40 -38.71 -40.81 -42.78 -44.64 -46.43 -48.21 -50.85 -52.67 -54.38 -56.04 -57.66
  1.238 11.602 -78.16 -75.66 -72.29 -68.53 -64.62 -60.66 -56.69 -52.74 -48.84 -45.03 -41.34 -37.77 -34.27 -30.71 -26.93 -22.67 -17.51 -10.76  -2.09   0.29  -1.89  -7.89 -14.18 -19.41 -23.68 -27.29 -30.45 -33.28 -35.84 -38.18 -40.31 -42.30 -44.18 -45.98 -47.77 -50.41 -52.24 -53.96 -55.62 -57.24
  1.267 11.730 -78.41 -76.13 -72.91 -69.21 -65.32 -61.37 -57.39 -53.43 -49.53 -45.73 -42.06 -38.53 -35.08 -31.60 -27.93 -23.84 -18.97 -12.71  -4.30   0.55  -1.04  -6.20 -12.76 -18.30 -22.77 -26.52 -29.76 -32.66 -35.27 -37.65 -39.80 -41.81 -43.71 -45.53 -47.32 -49.97 -51.80 -53.53 -55.20 -56.82
  1.297 11.858 -78.64 -76.57 -73.52 -69.89 -66.03 -62.07 -58.09 -54.12 -50.22 -46.42 -42.78 -39.27 -35.87 -32.46 -28.90 -24.97 -20.35 -14.52  -6.64   0.43  -0.47  -4.54 -11.25 -17.11 -21.82 -25.71 -29.05 -32.02 -34.69 -37.10 -39.29 -41.32 -43.23 -45.06 -46.87 -49.52 -51.36 -53.09 -54.77 -56.40
  1.329 11.985 -78.83 -76.98 -74.10 -70.57 -66.73 -62.77 -58.78 -54.81 -50.90 -47.12 -43.48 -40.01 -36.65 -33.31 -29.84 -26.06 -21.66 -16.21  -8.91  -0.49  -0.05  -3.06  -9.64 -15.85 -20.80 -24.86 -28.32 -31.36 -34.08 -36.54 -38.76 -40.82 -42.75 -44.59 -46.41 -49.07 -50.92 -52.66 -54.34 -55.97
  1.361 12.113 -79.00 -77.36 -74.66 -71.23 -67.42 -63.47 -59.47 -55.49 -51.58 -47.80 -44.19 -40.74 -37.42 -34.14 -30.76 -27.10 -22.91 -17.78 -11.04  -2.26   0.33  -1.87  -7.94 -14.49 -19.73 -23.97 -27.55 -30.67 -33.46 -35.96 -38.22 -40.30 -42.25 -44.12 -45.95 -48.61 -50.46 -52.21 -53.90 -55.53
  1.395 12.240 -79.15 -77.70 -75.20 -71.88 -68.12 -64.17 -60.16 -56.18 -52.27 -48.49 -44.88 -41.46 -38.18 -34.95 -31.66 -28.12 -24.10 -19.26 -13.01  -4.54   0.58  -1.03  -6.21 -13.03 -18.58 -23.03 -26.74 -29.96 -32.82 -35.37 -37.66 -39.77 -41.75 -43.63 -45.48 -48.14 -50.00 -51.76 -53.45 -55.09
  1.430 12.368 -79.28 -78.01 -75.70 -72.51 -68.80 -64.87 -60.86 -56.86 -52.95 -49.17 -45.58 -42.18 -38.93 -35.76 -32.54 -29.10 -25.25 -20.66 -14.84  -6.92   0.41  -0.45  -4.52 -11.46 -17.36 -22.03 -25.90 -29.22 -32.15 -34.76 -37.09 -39.24 -41.24 -43.13 -45.00 -47.66 -49.54 -51.30 -53.00 -54.65
  1.466 12.495 -79.39 -78.29 -76.18 -73.13 -69.48 -65.56 -61.55 -57.55 -53.63 -49.86 -46.27 -42.89 -39.68 -36.55 -33.40 -30.06 -26.35 -21.99 -16.54  -9.22  -0.59  -0.02  -3.00  -9.79 -16.04 -20.98 -25.02 -28.45 -31.46 -34.13 -36.51 -38.69 -40.71 -42.63 -44.51 -47.18 -49.06 -50.83 -52.54 -54.19
  1.504 12.623 -79.48 -78.53 -76.63 -73.73 -70.16 -66.26 -62.24 -58.23 -54.31 -50.54 -46.97 -43.60 -40.42 -37.34 -34.25 -31.00 -27.42 -23.26 -18.13 -11.37  -2.47   0.37  -1.81  -8.01 -14.62 -19.85 -24.08 -27.65 -30.75 -33.48 -35.90 -38.12 -40.17 -42.11 -44.01 -46.68 -48.58 -50.36 -52.07 -53.73
  1.543 12.750 -79.56 -78.75 -77.04 -74.31 -70.82 -66.95 -62.93 -58.92 -54.99 -51.22 -47.65 -44.31 -41.15 -38.11 -35.08 -31.92 -28.45 -24.47 -19.63 -13.35  -4.80   0.59  -0.97  -6.20 -13.10 -18.66 -23.10 -26.81 -30.01 -32.81 -35.29 -37.54 -39.63 -41.59 -43.50 -46.18 -48.09 -49.88 -51.60 -53.27
  1.583 12.878 -79.63 -78.93 -77.41 -74.85 -71.47 -67.63 -63.62 -59.59 -55.66 -51.89 -48.33 -45.00 -41.87 -38.87 -35.89 -32.80 -29.44 -25.61 -21.02 -15.16  -7.17   0.31  -0.41  -4.45 -11.48 -17.39 -22.08 -25.94 -29.25 -32.13 -34.66 -36.96 -39.07 -41.06 -42.99 -45.68 -47.60 -49.40 -51.13 -52.80
  1.623 13.005 -79.68 -79.09 -77.74 -75.36 -72.09 -68.29 -64.29 -60.26 -56.32 -52.55 -49.00 -45.69 -42.58 -39.61 -36.68 -33.66 -30.40 -26.71 -22.33 -16.83  -9.43  -0.83   0.02  -2.92  -9.76 -16.05 -21.00 -25.04 -28.46 -31.43 -34.02 -36.36 -38.51 -40.53 -42.48 -45.17 -47.11 -48.91 -50.65 -52.33
  1.665 13.133 -79.73 -79.23 -78.04 -75.84 -72.69 -68.95 -64.95 -60.93 -56.98 -53.21 -49.67 -46.36 -43.28 -40.34 -37.46 -34.50 -31.32 -27.76 -23.57 -18.39 -11.51  -2.74   0.38  -1.74  -7.96 -14.61 -19.87 -24.10 -27.66 -30.71 -33.37 -35.76 -37.95 -39.99 -41.96 -44.66 -46.61 -48.43 -50.18 -51.86
  1.708 13.260 -79.77 -79.34 -78.30 -76.29 -73.27 -69.59 -65.61 -61.58 -57.64 -53.86 -50.32 -47.03 -43.97 -41.06 -38.22 -35.31 -32.22 -28.77 -24.75 -19.83 -13.43  -5.03   0.53  -0.93  -6.14 -13.08 -18.67 -23.12 -26.82 -29.97 -32.70 -35.15 -37.37 -39.44 -41.44 -44.15 -46.11 -47.94 -49.70 -51.39
  1.752 13.387 -79.80 -79.44 -78.53 -76.70 -73.83 -70.22 -66.26 -62.23 -58.28 -54.51 -50.97 -47.69 -44.65 -41.77 -38.96 -36.11 -33.09 -29.74 -25.87 -21.19 -15.19  -7.34   0.14  -0.38  -4.40 -11.45 -17.40 -22.09 -25.95 -29.21 -32.02 -34.52 -36.79 -38.89 -40.91 -43.63 -45.61 -47.45 -49.22 -50.92
  1.798 13.515 -79.82 -79.52 -78.74 -77.08 -74.36 -70.83 -66.90 -62.88 -58.92 -55.15 -51.62 -48.35 -45.32 -42.47 -39.70 -36.89 -33.94 -30.68 -26.95 -22.48 -16.83  -9.54  -1.10   0.05  -2.87  -9.72 -16.04 -21.01 -25.05 -28.43 -31.32 -33.89 -36.20 -38.34 -40.38 -43.11 -45.10 -46.96 -48.74 -50.45
  1.844 13.643 -79.84 -79.59 -78.91 -77.42 -74.87 -71.43 -67.53 -63.51 -59.56 -55.79 -52.26 -49.00 -45.99 -43.16 -40.42 -37.66 -34.76 -31.59 -27.98 -23.69 -18.35 -11.57  -3.06   0.39  -1.69  -7.92 -14.60 -19.88 -24.11 -27.62 -30.61 -33.24 -35.60 -37.77 -39.84 -42.58 -44.59 -46.46 -48.25 -49.97
  1.892 13.770 -79.86 -79.65 -79.07 -77.74 -75.35 -72.01 -68.16 -64.15 -60.19 -56.42 -52.90 -49.64 -46.65 -43.84 -41.13 -38.41 -35.57 -32.47 -28.97 -24.85 -19.77 -13.45  -5.34   0.50  -0.89  -6.09 -13.07 -18.67 -23.12 -26.78 -29.87 -32.57 -34.99 -37.20 -39.30 -42.05 -44.08 -45.96 -47.76 -49.49
  1.941 13.898 -79.88 -79.70 -79.20 -78.02 -75.80 -72.58 -68.77 -64.78 -60.82 -57.05 -53.53 -50.29 -47.30 -44.51 -41.83 -39.15 -36.36 -33.34 -29.93 -25.96 -21.11 -15.18  -7.62   0.02  -0.34  -4.34 -11.43 -17.40 -22.10 -25.92 -29.11 -31.89 -34.36 -36.62 -38.75 -41.51 -43.56 -45.46 -47.27 -49.01
  1.991 14.025 -79.89 -79.74 -79.31 -78.27 -76.22 -73.12 -69.38 -65.40 -61.45 -57.68 -54.16 -50.92 -47.95 -45.18 -42.53 -39.88 -37.14 -34.18 -30.86 -27.02 -22.38 -16.79  -9.78  -1.32   0.08  -2.81  -9.69 -16.04 -21.02 -25.01 -28.33 -31.20 -33.73 -36.03 -38.20 -40.96 -43.04 -44.96 -46.78 -48.53
  2.042 14.153 -79.90 -79.77 -79.41 -78.49 -76.61 -73.65 -69.97 -66.02 -62.07 -58.30 -54.79 -51.56 -48.60 -45.85 -43.22 -40.61 -37.90 -35.00 -31.77 -28.04 -23.58 -18.30 -11.79  -3.33   0.40  -1.64  -7.88 -14.60 -19.88 -24.08 -27.53 -30.49 -33.08 -35.43 -37.63 -40.41 -42.51 -44.45 -46.29 -48.05
  2.095 14.280 -79.91 -79.80 -79.49 -78.68 -76.97 -74.16 -70.56 -66.63 -62.69 -58.92 -55.41 -52.19 -49.24 -46.51 -43.90 -41.32 -38.66 -35.81 -32.65 -29.03 -24.74 -19.71 -13.65  -5.61   0.46  -0.84  -6.04 -13.06 -18.67 -23.09 -26.70 -29.75 -32.42 -34.82 -37.06 -39.86 -41.98 -43.93 -45.79 -47.56
  2.149 14.408 -79.91 -79.83 -79.56 -78.86 -77.30 -74.65 -71.13 -67.24 -63.31 -59.55 -56.04 -52.82 -49.88 -47.16 -44.58 -42.02 -39.40 -36.60 -33.52 -29.99 -25.84 -21.05 -15.37  -7.89  -0.11  -0.31  -4.29 -11.41 -17.40 -22.07 -25.83 -29.00 -31.75 -34.21 -36.49 -39.30 -41.44 -43.42 -45.29 -47.07
  2.205 14.535 -79.92 -79.85 -79.62 -79.01 -77.61 -75.11 -71.69 -67.84 -63.93 -60.17 -56.66 -53.45 -50.52 -47.82 -45.25 -42.72 -40.14 -37.38 -34.36 -30.93 -26.90 -22.31 -16.98 -10.04  -1.53   0.10  -2.76  -9.67 -16.04 -20.99 -24.93 -28.22 -31.06 -33.57 -35.90 -38.73 -40.90 -42.90 -44.78 -46.58
  2.261 14.663 -79.92 -79.86 -79.67 -79.14 -77.88 -75.55 -72.24 -68.44 -64.54 -60.78 -57.28 -54.08 -51.16 -48.47 -45.92 -43.42 -40.86 -38.16 -35.19 -31.84 -27.93 -23.52 -18.48 -12.03  -3.59   0.40  -1.59  -7.85 -14.59 -19.85 -24.00 -27.42 -30.35 -32.93 -35.31 -38.15 -40.35 -42.37 -44.27 -46.09
  2.320 14.790 -79.93 -79.88 -79.71 -79.26 -78.14 -75.97 -72.78 -69.03 -65.15 -61.40 -57.91 -54.71 -51.80 -49.12 -46.59 -44.11 -41.59 -38.92 -36.00 -32.73 -28.93 -24.68 -19.90 -13.88  -5.88   0.41  -0.80  -6.00 -13.04 -18.65 -23.02 -26.59 -29.62 -32.28 -34.70 -37.56 -39.79 -41.84 -43.76 -45.59
  2.380 14.918 -79.93 -79.89 -79.75 -79.36 -78.36 -76.36 -73.30 -69.62 -65.76 -62.02 -58.53 -55.34 -52.44 -49.77 -47.26 -44.80 -42.30 -39.67 -36.81 -33.60 -29.90 -25.79 -21.24 -15.59  -8.15  -0.26  -0.27  -4.24 -11.39 -17.37 -22.00 -25.73 -28.87 -31.60 -34.09 -36.97 -39.23 -41.30 -43.25 -45.09
  2.441 15.045 -79.93 -79.90 -79.78 -79.44 -78.56 -76.73 -73.81 -70.20 -66.37 -62.64 -59.16 -55.97 -53.08 -50.42 -47.92 -45.49 -43.01 -40.42 -37.60 -34.45 -30.84 -26.87 -22.52 -17.19 -10.29  -1.77   0.13  -2.71  -9.64 -16.01 -20.92 -24.84 -28.10 -30.92 -33.46 -36.37 -38.66 -40.76 -42.73 -44.59
  2.504 15.172 -79.94 -79.91 -79.81 -79.52 -78.74 -77.07 -74.30 -70.77 -66.98 -63.27 -59.79 -56.61 -53.72 -51.08 -48.59 -46.17 -43.73 -41.16 -38.38 -35.30 -31.76 -27.91 -23.74 -18.69 -12.27  -3.87   0.40  -1.54  -7.81 -14.56 -19.79 -23.91 -27.30 -30.21 -32.82 -35.75 -38.09 -40.21 -42.20 -44.08
  2.569 15.300 -79.94 -79.91 -79.83 -79.58 -78.90 -77.38 -74.77 -71.34 -67.59 -63.89 -60.42 -57.24 -54.36 -51.73 -49.26 -46.86 -44.43 -41.90 -39.16 -36.13 -32.67 -28.92 -24.91 -20.11 -14.11  -6.17   0.34  -0.75  -5.96 -13.01 -18.59 -22.93 -26.48 -29.49 -32.17 -35.13 -37.50 -39.66 -41.67 -43.57
  2.635 15.428 -79.94 -79.92 -79.85 -79.63 -79.04 -77.68 -75.22 -71.90 -68.20 -64.52 -61.05 -57.88 -55.01 -52.39 -49.93 -47.55 -45.14 -42.64 -39.94 -36.95 -33.56 -29.91 -26.05 -21.45 -15.81  -8.43  -0.42  -0.23  -4.19 -11.36 -17.31 -21.92 -25.62 -28.74 -31.50 -34.49 -36.91 -39.10 -41.14 -43.05
  2.703 15.555 -79.94 -79.92 -79.86 -79.68 -79.17 -77.94 -75.66 -72.44 -68.80 -65.14 -61.69 -58.53 -55.67 -53.05 -50.60 -48.24 -45.85 -43.37 -40.71 -37.77 -34.44 -30.88 -27.14 -22.72 -17.40 -10.55  -2.02   0.15  -2.65  -9.61 -15.96 -20.84 -24.73 -27.98 -30.82 -33.84 -36.31 -38.53 -40.60 -42.54
  2.773 15.682 -79.94 -79.93 -79.88 -79.72 -79.28 -78.19 -76.07 -72.98 -69.41 -65.77 -62.33 -59.18 -56.32 -53.72 -51.28 -48.93 -46.57 -44.11 -41.48 -38.58 -35.31 -31.83 -28.21 -23.95 -18.89 -12.52  -4.16   0.39  -1.49  -7.77 -14.51 -19.71 -23.81 -27.19 -30.12 -33.17 -35.69 -37.96 -40.05 -42.01
  2.845 15.810 -79.94 -79.93 -79.89 -79.76 -79.37 -78.41 -76.46 -73.51 -70.01 -66.41 -62.98 -59.84 -56.99 -54.39 -51.97 -49.63 -47.28 -44.85 -42.24 -39.39 -36.17 -32.76 -29.26 -25.13 -20.30 -14.34  -6.47   0.25  -0.71  -5.91 -12.96 -18.52 -22.84 -26.37 -29.40 -32.50 -35.07 -37.37 -39.50 -41.48
  2.918 15.938 -79.94 -79.93 -79.90 -79.79 -79.46 -78.61 -76.83 -74.03 -70.61 -67.05 -63.64 -60.50 -57.66 -55.07 -52.66 -50.33 -48.00 -45.59 -43.02 -40.19 -37.03 -33.69 -30.28 -26.26 -21.64 -16.04  -8.71  -0.61  -0.19  -4.13 -11.31 -17.25 -21.83 -25.52 -28.66 -31.80 -34.43 -36.78 -38.94 -40.95
  2.994 16.065 -79.94 -79.93 -79.91 -79.81 -79.53 -78.78 -77.17 -74.53 -71.21 -67.69 -64.30 -61.17 -58.34 -55.76 -53.36 -51.04 -48.73 -46.34 -43.79 -41.00 -37.88 -34.61 -31.29 -27.37 -22.91 -17.62 -10.83  -2.29   0.17  -2.58  -9.55 -15.90 -20.77 -24.64 -27.90 -31.09 -33.78 -36.18 -38.38 -40.41
  3.071 16.192 -79.94 -79.94 -79.91 -79.83 -79.59 -78.94 -77.49 -75.02 -71.80 -68.34 -64.97 -61.86 -59.03 -56.46 -54.07 -51.76 -49.47 -47.09 -44.57 -41.81 -38.74 -35.52 -32.28 -28.45 -24.13 -19.11 -12.79  -4.47   0.36  -1.42  -7.71 -14.46 -19.64 -23.72 -27.11 -30.36 -33.12 -35.57 -37.80 -39.87
  3.150 16.320 -79.94 -79.94 -79.92 -79.85 -79.65 -79.09 -77.79 -75.49 -72.39 -68.99 -65.65 -62.55 -59.73 -57.17 -54.79 -52.49 -50.21 -47.86 -45.35 -42.63 -39.59 -36.43 -33.26 -29.50 -25.31 -20.51 -14.60  -6.78   0.14  -0.65  -5.84 -12.91 -18.45 -22.76 -26.30 -29.61 -32.44 -34.95 -37.22 -39.32
  3.232 16.448 -79.94 -79.94 -79.92 -79.87 -79.69 -79.21 -78.06 -75.94 -72.98 -69.64 -66.34 -63.25 -60.45 -57.89 -55.52 -53.24 -50.97 -48.63 -46.15 -43.45 -40.45 -37.34 -34.24 -30.53 -26.44 -21.85 -16.29  -9.02  -0.83  -0.15  -4.05 -11.26 -17.19 -21.75 -25.46 -28.83 -31.75 -34.31 -36.63 -38.76
  3.315 16.575 -79.94 -79.94 -79.93 -79.88 -79.73 -79.32 -78.31 -76.37 -73.56 -70.30 -67.03 -63.97 -61.18 -58.63 -56.26 -53.99 -51.74 -49.41 -46.95 -44.28 -41.32 -38.25 -35.22 -31.55 -27.55 -23.12 -17.86 -11.12  -2.59   0.18  -2.51  -9.51 -15.85 -20.70 -24.59 -28.04 -31.04 -33.67 -36.03 -38.20
  3.401 16.703 -79.94 -79.94 -79.93 -79.89 -79.77 -79.42 -78.54 -76.78 -74.12 -70.97 -67.74 -64.70 -61.92 -59.38 -57.03 -54.77 -52.52 -50.22 -47.77 -45.12 -42.19 -39.17 -36.20 -32.56 -28.62 -24.34 -19.35 -13.07  -4.80   0.31  -1.34  -7.66 -14.41 -19.58 -23.67 -27.21 -30.31 -33.01 -35.42 -37.63
  3.489 16.830 -79.95 -79.94 -79.93 -79.90 -79.80 -79.50 -78.74 -77.17 -74.68 -71.63 -68.46 -65.45 -62.68 -60.15 -57.81 -55.56 -53.33 -51.03 -48.61 -45.98 -43.08 -40.10 -37.18 -33.56 -29.68 -25.51 -20.75 -14.88  -7.12  -0.01  -0.59  -5.78 -12.87 -18.40 -22.72 -26.36 -29.56 -32.33 -34.80 -37.05
  3.579 16.958 -79.95 -79.94 -79.94 -79.91 -79.82 -79.58 -78.93 -77.53 -75.23 -72.30 -69.20 -66.21 -63.46 -60.95 -58.61 -56.37 -54.15 -51.87 -49.46 -46.86 -43.99 -41.04 -38.17 -34.55 -30.71 -26.65 -22.08 -16.57  -9.36  -1.09  -0.11  -3.98 -11.22 -17.15 -21.73 -25.47 -28.79 -31.64 -34.17 -36.46
  3.671 17.085 -79.95 -79.94 -79.94 -79.92 -79.85 -79.64 -79.09 -77.87 -75.76 -72.97 -69.94 -67.00 -64.27 -61.77 -59.44 -57.21 -55.00 -52.73 -50.34 -47.76 -44.91 -42.00 -39.18 -35.55 -31.73 -27.75 -23.35 -18.14 -11.46  -2.93   0.18  -2.43  -9.47 -15.81 -20.68 -24.55 -27.99 -30.93 -33.53 -35.86
  3.766 17.212 -79.95 -79.94 -79.94 -79.92 -79.86 -79.69 -79.23 -78.17 -76.27 -73.64 -70.70 -67.80 -65.10 -62.61 -60.30 -58.08 -55.88 -53.62 -51.25 -48.68 -45.86 -42.98 -40.21 -36.55 -32.74 -28.83 -24.57 -19.62 -13.40  -5.18   0.24  -1.26  -7.62 -14.38 -19.57 -23.58 -27.17 -30.21 -32.87 -35.26
  3.863 17.340 -79.95 -79.94 -79.94 -79.93 -79.88 -79.74 -79.36 -78.45 -76.75 -74.30 -71.47 -68.63 -65.96 -63.49 -61.18 -58.98 -56.79 -54.55 -52.19 -49.64 -46.84 -44.00 -41.26 -37.56 -33.74 -29.89 -25.75 -21.02 -15.21  -7.51  -0.19  -0.52  -5.73 -12.85 -18.40 -22.58 -26.32 -29.46 -32.20 -34.64
  3.963 17.468 -79.95 -79.94 -79.94 -79.93 -79.89 -79.78 -79.47 -78.71 -77.21 -74.96 -72.26 -69.49 -66.85 -64.40 -62.11 -59.92 -57.74 -55.51 -53.16 -50.63 -47.86 -45.04 -42.34 -38.58 -34.74 -30.92 -26.89 -22.36 -16.89  -9.75  -1.40  -0.08  -3.92 -11.21 -17.16 -21.52 -25.43 -28.69 -31.51 -34.01
  4.065 17.595 -79.95 -79.94 -79.94 -79.93 -79.90 -79.81 -79.56 -78.93 -77.65 -75.60 -73.06 -70.37 -67.78 -65.35 -63.08 -60.90 -58.74 -56.52 -54.19 -51.67 -48.92 -46.13 -43.46 -39.62 -35.74 -31.95 -28.00 -23.63 -18.47 -11.85  -3.32   0.16  -2.34  -9.45 -15.83 -20.41 -24.51 -27.90 -30.81 -33.37
  4.170 17.723 -79.95 -79.95 -79.94 -79.94 -79.91 -79.84 -79.64 -79.13 -78.04 -76.23 -73.86 -71.28 -68.75 -66.36 -64.11 -61.94 -59.79 -57.58 -55.26 -52.77 -50.03 -47.27 -44.63 -40.68 -36.75 -32.96 -29.08 -24.86 -19.95 -13.79  -5.61   0.14  -1.18  -7.60 -14.41 -19.23 -23.55 -27.08 -30.08 -32.72
  4.278 17.850 -79.95 -79.95 -79.94 -79.94 -79.92 -79.87 -79.71 -79.30 -78.41 -76.83 -74.67 -72.22 -69.76 -67.41 -65.19 -63.04 -60.90 -58.71 -56.41 -53.93 -51.21 -48.47 -45.86 -41.78 -37.76 -33.97 -30.14 -26.04 -21.36 -15.61  -7.95  -0.41  -0.45  -5.70 -12.88 -17.99 -22.54 -26.23 -29.34 -32.05
  4.389 17.977 -79.95 -79.95 -79.94 -79.94 -79.93 -79.89 -79.76 -79.45 -78.73 -77.40 -75.47 -73.19 -70.83 -68.54 -66.34 -64.22 -62.10 -59.92 -57.63 -55.17 -52.47 -49.75 -47.18 -42.91 -38.79 -34.97 -31.19 -27.19 -22.71 -17.30 -10.21  -1.74  -0.05  -3.86 -11.24 -16.67 -21.49 -25.34 -28.57 -31.37
  4.502 18.105 -79.95 -79.95 -79.94 -79.94 -79.93 -79.90 -79.81 -79.57 -79.01 -77.93 -76.26 -74.18 -71.95 -69.73 -67.59 -65.49 -63.39 -61.23 -58.96 -56.51 -53.83 -51.13 -48.59 -44.10 -39.83 -35.98 -32.22 -28.31 -23.99 -18.89 -12.32  -3.75   0.13  -2.27  -9.49 -15.26 -20.38 -24.43 -27.78 -30.67
  4.618 18.233 -79.95 -79.95 -79.94 -79.94 -79.94 -79.91 -79.85 -79.67 -79.26 -78.41 -77.02 -75.19 -73.12 -71.01 -68.93 -66.88 -64.81 -62.67 -60.41 -57.98 -55.32 -52.65 -50.13 -45.34 -40.90 -36.99 -33.24 -29.40 -25.23 -20.40 -14.28  -6.08   0.00  -1.09  -7.63 -13.76 -19.20 -23.47 -26.97 -29.95
  4.738 18.360 -79.95 -79.95 -79.95 -79.94 -79.94 -79.92 -79.88 -79.76 -79.46 -78.83 -77.74 -76.19 -74.35 -72.39 -70.40 -68.41 -66.38 -64.27 -62.04 -59.63 -56.99 -54.33 -51.84 -46.66 -42.01 -38.01 -34.25 -30.47 -26.43 -21.82 -16.12  -8.44  -0.68  -0.37  -5.71 -12.16 -17.96 -22.47 -26.12 -29.21
  4.860 18.488 -79.95 -79.95 -79.95 -79.94 -79.94 -79.93 -79.90 -79.82 -79.62 -79.19 -78.39 -77.17 -75.62 -73.86 -72.02 -70.12 -68.16 -66.09 -63.89 -61.51 -58.89 -56.26 -53.79 -48.08 -43.15 -39.05 -35.26 -31.52 -27.59 -23.19 -17.83 -10.71  -2.12  -0.02  -3.84 -10.45 -16.64 -21.42 -25.25 -28.45
  4.985 18.615 -79.95 -79.95 -79.95 -79.95 -79.94 -79.94 -79.92 -79.87 -79.75 -79.48 -78.95 -78.08 -76.88 -75.43 -73.80 -72.06 -70.20 -68.22 -66.07 -63.73 -61.14 -58.54 -56.09 -49.63 -44.34 -40.10 -36.28 -32.57 -28.72 -24.50 -19.46 -12.84  -4.21   0.07  -2.21  -8.65 -15.23 -20.31 -24.33 -27.66
  5.114 18.743 -79.95 -79.95 -79.95 -79.95 -79.94 -79.94 -79.93 -79.91 -79.84 -79.69 -79.39 -78.87 -78.08 -77.02 -75.74 -74.27 -72.62 -70.78 -68.74 -66.47 -63.94 -61.37 -58.96 -51.36 -45.60 -41.18 -37.30 -33.60 -29.84 -25.77 -20.99 -14.83  -6.58  -0.16  -1.00  -6.80 -13.73 -19.14 -23.38 -26.85
  5.246 18.870 -79.95 -79.95 -79.95 -79.95 -79.95 -79.94 -79.94 -79.93 -79.90 -79.84 -79.71 -79.47 -79.08 -78.50 -77.72 -76.71 -75.47 -73.96 -72.18 -70.09 -67.69 -65.20 -62.85 -53.32 -46.93 -42.30 -38.34 -34.63 -30.93 -26.99 -22.46 -16.70  -8.97  -0.98  -0.30  -4.97 -12.13 -17.90 -22.38 -26.01
  5.382 18.997 -79.95 -79.95 -79.95 -79.95 -79.95 -79.95 -79.94 -79.94 -79.94 -79.92 -79.89 -79.84 -79.74 -79.58 -79.35 -79.00 -78.49 -77.76 -76.72 -75.31 -73.44 -71.31 -69.16 -55.63 -48.37 -43.45 -39.39 -35.66 -32.01 -28.19 -23.87 -18.45 -11.27  -2.55  -0.00  -3.31 -10.42 -16.58 -21.34 -25.14
  5.521 19.125 -79.95 -79.95 -79.95 -79.95 -79.95 -79.95 -79.95 -79.95 -79.95 -79.95 -79.95 -79.95 -79.94 -79.94 -79.94 -79.94 -79.94 -79.94 -79.93 -79.92 -79.89 -79.85 -79.78 -58.51 -49.94 -44.66 -40.46 -36.70 -33.07 -29.36 -25.23 -20.11 -13.42  -4.70  -0.00  -1.96  -8.61 -15.18 -20.23 -24.23
  5.663 19.253 -79.95 -79.95 -79.95 -79.95 -79.95 -79.95 -79.94 -79.94 -79.94 -79.92 -79.89 -79.82 -79.71 -79.54 -79.28 -78.89 -78.34 -77.56 -76.47 -75.00 -73.10 -70.95 -68.81 -62.41 -51.69 -45.93 -41.56 -37.74 -34.14 -30.52 -26.55 -21.70 -15.45  -7.11  -0.36  -1.02  -6.75 -13.68 -19.07 -23.28
  5.810 19.380 -79.95 -79.95 -79.95 -79.95 -79.95 -79.94 -79.94 -79.93 -79.91 -79.85 -79.74 -79.52 -79.17 -78.64 -77.92 -76.99 -75.81 -74.38 -72.66 -70.64 -68.30 -65.88 -63.59 -68.77 -53.68 -47.29 -42.69 -38.80 -35.20 -31.65 -27.83 -23.22 -17.36  -9.54  -1.32  -0.40  -4.91 -12.08 -17.84 -22.29
  5.960 19.508 -79.95 -79.95 -79.95 -79.95 -79.94 -79.94 -79.94 -79.92 -79.87 -79.75 -79.52 -79.10 -78.46 -77.57 -76.45 -75.13 -73.60 -71.88 -69.93 -67.75 -65.30 -62.83 -60.52 -79.76 -56.04 -48.74 -43.86 -39.87 -36.26 -32.78 -29.10 -24.68 -19.16 -11.86  -2.99   0.02  -3.24 -10.36 -16.53 -21.25
  6.114 19.635 -79.95 -79.95 -79.95 -79.95 -79.94 -79.94 -79.93 -79.90 -79.81 -79.63 -79.26 -78.62 -77.69 -76.50 -75.10 -73.53 -71.82 -69.96 -67.92 -65.67 -63.19 -60.69 -58.38 -68.43 -58.98 -50.34 -45.09 -40.97 -37.33 -33.91 -30.34 -26.11 -20.87 -14.06  -5.21   0.30  -1.90  -8.56 -15.13 -20.16
  6.271 19.762 -79.95 -79.95 -79.95 -79.95 -79.94 -79.94 -79.92 -79.87 -79.75 -79.49 -78.97 -78.12 -76.94 -75.51 -73.91 -72.20 -70.38 -68.44 -66.35 -64.08 -61.58 -59.08 -56.77 -63.20 -63.01 -52.11 -46.39 -42.10 -38.42 -35.03 -31.57 -27.50 -22.52 -16.13  -7.66   0.31  -0.95  -6.69 -13.63 -19.00
  6.433 19.890 -79.95 -79.95 -79.95 -79.94 -79.94 -79.93 -79.91 -79.85 -79.69 -79.34 -78.67 -77.62 -76.23 -74.62 -72.89 -71.08 -69.20 -67.21 -65.10 -62.81 -60.30 -57.80 -55.50 -60.13 -69.70 -54.15 -47.77 -43.26 -39.52 -36.16 -32.80 -28.87 -24.11 -18.08 -10.11  -0.30  -0.35  -4.85 -12.03 -17.78
  6.600 20.017 -79.95 -79.95 -79.95 -79.94 -79.94 -79.93 -79.90 -79.82 -79.62 -79.18 -78.37 -77.14 -75.57 -73.83 -72.00 -70.13 -68.20 -66.19 -64.06 -61.76 -59.26 -56.76 -54.47 -58.00 -79.07 -56.56 -49.26 -44.47 -40.64 -37.30 -34.03 -30.22 -25.65 -19.94 -12.46  -1.73   0.05  -3.17 -10.32 -16.47
  6.770 20.145 -79.95 -79.95 -79.95 -79.94 -79.94 -79.93 -79.89 -79.79 -79.55 -79.02 -78.07 -76.68 -74.98 -73.12 -71.23 -69.31 -67.36 -65.33 -63.19 -60.89 -58.38 -55.89 -53.61 -56.41 -68.12 -59.58 -50.89 -45.74 -41.79 -38.45 -35.26 -31.57 -27.16 -21.72 -14.69  -3.79   0.29  -1.82  -8.51 -15.08
  6.945 20.273 -79.95 -79.95 -79.95 -79.94 -79.94 -79.93 -79.88 -79.76 -79.47 -78.86 -77.78 -76.25 -74.43 -72.50 -70.55 -68.60 -66.63 -64.59 -62.44 -60.14 -57.63 -55.15 -52.88 -55.15 -63.18 -63.75 -52.71 -47.08 -42.98 -39.63 -36.51 -32.91 -28.65 -23.44 -16.80  -6.09   0.21  -0.88  -6.64 -13.59
  7.124 20.400 -79.95 -79.95 -79.95 -79.94 -79.94 -79.92 -79.87 -79.73 -79.40 -78.70 -77.51 -75.86 -73.95 -71.95 -69.96 -67.99 -66.00 -63.95 -61.80 -59.50 -56.99 -54.51 -52.25 -54.13 -60.23 -70.80 -54.80 -48.52 -44.21 -40.83 -37.78 -34.27 -30.13 -25.11 -18.81  -8.38  -0.51  -0.30  -4.78 -11.99
  7.308 20.528 -79.95 -79.95 -79.95 -79.94 -79.94 -79.92 -79.86 -79.71 -79.33 -78.55 -77.25 -75.50 -73.50 -71.46 -69.44 -67.44 -65.45 -63.39 -61.24 -58.93 -56.43 -53.96 -51.70 -53.28 -58.17 -78.18 -57.28 -50.06 -45.50 -42.07 -39.07 -35.64 -31.61 -26.75 -20.72 -10.54  -2.04   0.06  -3.09 -10.28
  7.497 20.655 -79.95 -79.95 -79.95 -79.94 -79.94 -79.91 -79.85 -79.68 -79.26 -78.40 -77.00 -75.16 -73.11 -71.02 -68.97 -66.97 -64.96 -62.90 -60.75 -58.44 -55.95 -53.48 -51.22 -52.56 -56.63 -68.00 -60.39 -51.76 -46.85 -43.36 -40.41 -37.04 -33.09 -28.37 -22.56 -12.55  -4.16   0.25  -1.73  -8.47
  7.691 20.782 -79.95 -79.95 -79.95 -79.94 -79.94 -79.91 -79.84 -79.65 -79.19 -78.26 -76.78 -74.86 -72.75 -70.62 -68.56 -66.54 -64.53 -62.47 -60.31 -58.01 -55.52 -53.05 -50.80 -51.95 -55.41 -63.34 -64.73 -53.65 -48.28 -44.69 -41.79 -38.47 -34.59 -29.97 -24.35 -14.42  -6.48   0.08  -0.81  -6.59
  7.889 20.910 -79.95 -79.95 -79.94 -79.94 -79.93 -79.91 -79.83 -79.62 -79.12 -78.13 -76.57 -74.58 -72.42 -70.27 -68.19 -66.16 -64.15 -62.09 -59.93 -57.63 -55.14 -52.68 -50.44 -51.42 -54.43 -60.52 -72.14 -55.82 -49.82 -46.09 -43.23 -39.96 -36.13 -31.58 -26.09 -16.16  -8.77  -0.76  -0.25  -4.72
  8.093 21.038 -79.95 -79.95 -79.94 -79.94 -79.93 -79.91 -79.82 -79.59 -79.06 -78.01 -76.37 -74.33 -72.13 -69.96 -67.86 -65.83 -63.81 -61.74 -59.59 -57.29 -54.80 -52.34 -50.11 -50.96 -53.62 -58.55 -77.41 -58.40 -51.48 -47.57 -44.74 -41.50 -37.70 -33.20 -27.80 -17.78 -10.94  -2.40   0.08  -3.02
  8.302 21.165 -79.95 -79.95 -79.94 -79.94 -79.93 -79.90 -79.81 -79.57 -79.00 -77.89 -76.19 -74.10 -71.87 -69.68 -67.57 -65.53 -63.51 -61.44 -59.29 -56.99 -54.50 -52.05 -49.82 -50.56 -52.93 -57.07 -68.20 -61.66 -53.31 -49.15 -46.34 -43.12 -39.33 -34.84 -29.50 -19.31 -12.95  -4.57   0.19  -1.65
  8.517 21.293 -79.95 -79.95 -79.94 -79.94 -79.93 -79.90 -79.80 -79.55 -78.94 -77.78 -76.03 -73.89 -71.63 -69.42 -67.31 -65.27 -63.24 -61.17 -59.02 -56.72 -54.24 -51.79 -49.56 -50.21 -52.36 -55.92 -63.84 -66.20 -55.36 -50.84 -48.05 -44.84 -41.03 -36.52 -31.18 -20.75 -14.83  -6.92  -0.09  -0.72
  8.737 21.420 -79.95 -79.95 -79.94 -79.94 -79.93 -79.90 -79.80 -79.52 -78.89 -77.69 -75.88 -73.70 -71.42 -69.20 -67.08 -65.03 -63.00 -60.94 -58.78 -56.49 -54.01 -51.56 -49.34 -49.90 -51.87 -55.00 -61.18 -73.92 -57.72 -52.69 -49.91 -46.67 -42.82 -38.24 -32.86 -22.13 -16.57  -9.23  -1.06  -0.19
  8.962 21.547 -79.95 -79.95 -79.94 -79.94 -79.93 -79.89 -79.79 -79.50 -78.84 -77.60 -75.75 -73.54 -71.24 -69.00 -66.88 -64.82 -62.79 -60.73 -58.57 -56.28 -53.80 -51.36 -49.14 -49.64 -51.45 -54.25 -59.34 -77.07 -60.52 -54.72 -51.94 -48.66 -44.71 -40.02 -34.53 -23.44 -18.21 -11.40  -2.80   0.07
  9.194 21.675 -79.95 -79.95 -79.94 -79.94 -79.93 -79.89 -79.78 -79.48 -78.80 -77.52 -75.63 -73.39 -71.07 -68.83 -66.70 -64.64 -62.61 -60.55 -58.39 -56.10 -53.62 -51.18 -48.97 -49.41 -51.10 -53.63 -57.98 -69.07 -64.04 -57.00 -54.20 -50.84 -46.74 -41.87 -36.21 -24.70 -19.75 -13.44  -5.03   0.10
  9.431 21.802 -79.95 -79.95 -79.94 -79.94 -79.93 -79.89 -79.78 -79.47 -78.76 -77.45 -75.53 -73.27 -70.93 -68.68 -66.54 -64.49 -62.46 -60.39 -58.24 -55.95 -53.47 -51.03 -48.82 -49.22 -50.80 -53.13 -56.94 -65.12 -68.88 -59.59 -56.76 -53.26 -48.93 -43.78 -37.87 -25.91 -21.22 -15.33  -7.40  -0.29
  9.675 21.930 -79.95 -79.95 -79.94 -79.94 -79.93 -79.89 -79.77 -79.45 -78.73 -77.39 -75.44 -73.16 -70.81 -68.55 -66.41 -64.36 -62.32 -60.26 -58.10 -55.81 -53.34 -50.90 -48.70 -49.05 -50.55 -52.72 -56.15 -62.73 -76.47 -62.63 -59.72 -56.00 -51.30 -45.75 -39.50 -27.09 -22.61 -17.10  -9.73  -1.39
  9.925 22.058 -79.95 -79.95 -79.94 -79.94 -79.93 -79.89 -79.77 -79.44 -78.70 -77.34 -75.37 -73.07 -70.71 -68.45 -66.31 -64.25 -62.21 -60.15 -57.99 -55.70 -53.23 -50.80 -48.59 -48.92 -50.35 -52.39 -55.54 -61.14 -77.71 -66.29 -63.24 -59.13 -53.86 -47.74 -41.06 -28.24 -23.95 -18.77 -11.92  -3.23
 10.181 22.185 -79.95 -79.95 -79.94 -79.94 -79.93 -79.89 -79.76 -79.43 -78.68 -77.30 -75.31 -73.00 -70.63 -68.37 -66.22 -64.16 -62.13 -60.06 -57.91 -55.62 -53.15 -50.72 -48.51 -48.81 -50.19 -52.14 -55.08 -60.05 -71.80 -70.80 -67.55 -62.75 -56.56 -49.68 -42.49 -29.36 -25.24 -20.34 -13.98  -5.52
 10.444 22.313 -79.95 -79.95 -79.94 -79.94 -79.93 -79.89 -79.76 -79.42 -78.66 -77.27 -75.27 -72.94 -70.57 -68.30 -66.16 -64.10 -62.06 -60.00 -57.84 -55.56 -53.08 -50.65 -48.45 -48.73 -50.07 -51.96 -54.75 -59.33 -68.77 -76.10 -72.81 -66.83 -59.24 -51.42 -43.67 -30.47 -26.49 -21.84 -15.90  -7.92
 10.714 22.440 -79.95 -79.95 -79.94 -79.94 -79.93 -79.88 -79.76 -79.42 -78.65 -77.25 -75.24 -72.91 -70.54 -68.27 -66.12 -64.05 -62.02 -59.95 -57.80 -55.52 -53.05 -50.61 -48.41 -48.68 -50.00 -51.85 -54.55 -58.90 -67.25 -79.68 -77.89 -70.83 -61.47 -52.71 -44.51 -31.55 -27.70 -23.28 -17.71 -10.27
 10.990 22.567 -79.95 -79.95 -79.94 -79.94 -79.93 -79.88 -79.76 -79.42 -78.65 -77.24 -75.23 -72.90 -70.52 -68.25 -66.10 -64.04 -62.00 -59.94 -57.79 -55.50 -53.03 -50.60 -48.40 -48.66 -49.97 -51.80 -54.47 -58.73 -66.71 -79.88 -79.62 -72.98 -62.54 -53.28 -44.85 -32.63 -28.89 -24.66 -19.41 -12.50
 11.274 22.695 -80.00 -80.00 -80.00 -80.00 -80.00 -80.00 -80.00 -80.00 -80.00 -80.00 -80.00 -80.00 -80.00 -80.00 -80.00 -80.00 -80.00 -80.00 -80.00 -80.00 -80.00 -80.00 -80.00 -80.00 -80.00 -80.00 -80.00 -80.00 -80.00 -80.00 -80.00 -80.00 -80.00 -80.00 -80.00 -33.69 -30.05 -26.00 -21.03 -14.58
 11.565 22.823 -80.00 -80.00 -80.00 -80.00 -80.00 -80.00 -80.00 -80.00 -80.00 -80.00 -80.00 -80.00 -80.00 -80.00 -80.00 -80.00 -80.00 -80.00 -80.00 -80.00 -80.00 -80.00 -80.00 -80.00 -80.00 -80.00 -80.00 -80.00 -80.00 -80.00 -80.00 -80.00 -80.00 -80.00 -80.00 -34.76 -31.20 -27.31 -22.58 -16.55
 11.864 22.950 -80.00 -80.00 -80.00 -80.00 -80.00 -80.00 -80.00 -80.00 -80.00 -80.00 -80.00 -80.00 -80.00 -80.00 -80.00 -80.00 -80.00 -80.00 -80.00 -80.00 -80.00 -80.00 -80.00 -80.00 -80.00 -80.00 -80.00 -80.00 -80.00 -80.00 -80.00 -80.00 -80.00 -80.00 -80.00 -35.83 -32.34 -28.59 -24.08 -18.40
 12.170 23.078 -80.00 -80.00 -80.00 -80.00 -80.00 -80.00 -80.00 -80.00 -80.00 -80.00 -80.00 -80.00 -80.00 -80.00 -80.00 -80.00 -80.00 -80.00 -80.00 -80.00 -80.00 -80.00 -80.00 -80.00 -80.00 -80.00 -80.00 -80.00 -80.00 -80.00 -80.00 -80.00 -80.00 -80.00 -80.00 -36.90 -33.47 -29.85 -25.53 -20.15
 12.485 23.205 -80.00 -80.00 -80.00 -80.00 -80.00 -80.00 -80.00 -80.00 -80.00 -80.00 -80.00 -80.00 -80.00 -80.00 -80.00 -80.00 -80.00 -80.00 -80.00 -80.00 -80.00 -80.00 -80.00 -80.00 -80.00 -80.00 -80.00 -80.00 -80.00 -80.00 -80.00 -80.00 -80.00 -80.00 -80.00 -37.98 -34.60 -31.09 -26.94 -21.83
 12.807 23.333 -80.00 -80.00 -80.00 -80.00 -80.00 -80.00 -80.00 -80.00 -80.00 -80.00 -80.00 -80.00 -80.00 -80.00 -80.00 -80.00 -80.00 -80.00 -80.00 -80.00 -80.00 -80.00 -80.00 -80.00 -80.00 -80.00 -80.00 -80.00 -80.00 -80.00 -80.00 -80.00 -80.00 -80.00 -80.00 -39.07 -35.73 -32.32 -28.32 -23.45
 13.138 23.460 -80.00 -80.00 -80.00 -80.00 -80.00 -80.00 -80.00 -80.00 -80.00 -80.00 -80.00 -80.00 -80.00 -80.00 -80.00 -80.00 -80.00 -80.00 -80.00 -80.00 -80.00 -80.00 -80.00 -80.00 -80.00 -80.00 -80.00 -80.00 -80.00 -80.00 -80.00 -80.00 -80.00 -80.00 -80.00 -40.19 -36.87 -33.56 -29.69 -25.02
 13.477 23.587 -80.00 -80.00 -80.00 -80.00 -80.00 -80.00 -80.00 -80.00 -80.00 -80.00 -80.00 -80.00 -80.00 -80.00 -80.00 -80.00 -80.00 -80.00 -80.00 -80.00 -80.00 -80.00 -80.00 -80.00 -80.00 -80.00 -80.00 -80.00 -80.00 -80.00 -80.00 -80.00 -80.00 -80.00 -80.00 -41.33 -38.03 -34.80 -31.04 -26.55
 13.825 23.715 -80.00 -80.00 -80.00 -80.00 -80.00 -80.00 -80.00 -80.00 -80.00 -80.00 -80.00 -80.00 -80.00 -80.00 -80.00 -80.00 -80.00 -80.00 -80.00 -80.00 -80.00 -80.00 -80.00 -80.00 -80.00 -80.00 -80.00 -80.00 -80.00 -80.00 -80.00 -80.00 -80.00 -80.00 -80.00 -42.51 -39.20 -36.05 -32.40 -28.06
 14.183 23.843 -80.00 -80.00 -80.00 -80.00 -80.00 -80.00 -80.00 -80.00 -80.00 -80.00 -80.00 -80.00 -80.00 -80.00 -80.00 -80.00 -80.00 -80.00 -80.00 -80.00 -80.00 -80.00 -80.00 -80.00 -80.00 -80.00 -80.00 -80.00 -80.00 -80.00 -80.00 -80.00 -80.00 -80.00 -80.00 -43.73 -40.40 -37.32 -33.76 -29.55
 14.549 23.970 -80.00 -80.00 -80.00 -80.00 -80.00 -80.00 -80.00 -80.00 -80.00 -80.00 -80.00 -80.00 -80.00 -80.00 -80.00 -80.00 -80.00 -80.00 -80.00 -80.00 -80.00 -80.00 -80.00 -80.00 -80.00 -80.00 -80.00 -80.00 -80.00 -80.00 -80.00 -80.00 -80.00 -80.00 -80.00 -44.99 -41.64 -38.61 -35.13 -31.03
 14.925 24.098 -80.00 -80.00 -80.00 -80.00 -80.00 -80.00 -80.00 -80.00 -80.00 -80.00 -80.00 -80.00 -80.00 -80.00 -80.00 -80.00 -80.00 -80.00 -80.00 -80.00 -80.00 -80.00 -80.00 -80.00 -80.00 -80.00 -80.00 -80.00 -80.00 -80.00 -80.00 -80.00 -80.00 -80.00 -80.00 -46.32 -42.91 -39.94 -36.53 -32.52
 15.310 24.225 -80.00 -80.00 -80.00 -80.00 -80.00 -80.00 -80.00 -80.00 -80.00 -80.00 -80.00 -80.00 -80.00 -80.00 -80.00 -80.00 -80.00 -80.00 -80.00 -80.00 -80.00 -80.00 -80.00 -80.00 -80.00 -80.00 -80.00 -80.00 -80.00 -80.00 -80.00 -80.00 -80.00 -80.00 -80.00 -47.72 -44.24 -41.32 -37.96 -34.03
 15.706 24.352 -80.00 -80.00 -80.00 -80.00 -80.00 -80.00 -80.00 -80.00 -80.00 -80.00 -80.00 -80.00 -80.00 -80.00 -80.00 -80.00 -80.00 -80.00 -80.00 -80.00 -80.00 -80.00 -80.00 -80.00 -80.00 -80.00 -80.00 -80.00 -80.00 -80.00 -80.00 -80.00 -80.00 -80.00 -80.00 -49.22 -45.63 -42.75 -39.44 -35.56
 16.111 24.480 -80.00 -80.00 -80.00 -80.00 -80.00 -80.00 -80.00 -80.00 -80.00 -80.00 -80.00 -80.00 -80.00 -80.00 -80.00 -80.00 -80.00 -80.00 -80.00 -80.00 -80.00 -80.00 -80.00 -80.00 -80.00 -80.00 -80.00 -80.00 -80.00 -80.00 -80.00 -80.00 -80.00 -80.00 -80.00 -50.83 -47.09 -44.25 -40.97 -37.12
 16.527 24.608 -80.00 -80.00 -80.00 -80.00 -80.00 -80.00 -80.00 -80.00 -80.00 -80.00 -80.00 -80.00 -80.00 -80.00 -80.00 -80.00 -80.00 -80.00 -80.00 -80.00 -80.00 -80.00 -80.00 -80.00 -80.00 -80.00 -80.00 -80.00 -80.00 -80.00 -80.00 -80.00 -80.00 -80.00 -80.00 -52.60 -48.65 -45.83 -42.58 -38.74
 16.954 24.735 -80.00 -80.00 -80.00 -80.00 -80.00 -80.00 -80.00 -80.00 -80.00 -80.00 -80.00 -80.00 -80.00 -80.00 -80.00 -80.00 -80.00 -80.00 -80.00 -80.00 -80.00 -80.00 -80.00 -80.00 -80.00 -80.00 -80.00 -80.00 -80.00 -80.00 -80.00 -80.00 -80.00 -80.00 -80.00 -54.56 -50.32 -47.53 -44.27 -40.43
 17.392 24.863 -80.00 -80.00 -80.00 -80.00 -80.00 -80.00 -80.00 -80.00 -80.00 -80.00 -80.00 -80.00 -80.00 -80.00 -80.00 -80.00 -80.00 -80.00 -80.00 -80.00 -80.00 -80.00 -80.00 -80.00 -80.00 -80.00 -80.00 -80.00 -80.00 -80.00 -80.00 -80.00 -80.00 -80.00 -80.00 -56.78 -52.13 -49.35 -46.08 -42.19
 17.841 24.990 -80.00 -80.00 -80.00 -80.00 -80.00 -80.00 -80.00 -80.00 -80.00 -80.00 -80.00 -80.00 -80.00 -80.00 -80.00 -80.00 -80.00 -80.00 -80.00 -80.00 -80.00 -80.00 -80.00 -80.00 -80.00 -80.00 -80.00 -80.00 -80.00 -80.00 -80.00 -80.00 -80.00 -80.00 -80.00 -59.37 -54.12 -51.35 -48.04 -44.06
 18.302 25.118 -80.00 -80.00 -80.00 -80.00 -80.00 -80.00 -80.00 -80.00 -80.00 -80.00 -80.00 -80.00 -80.00 -80.00 -80.00 -80.00 -80.00 -80.00 -80.00 -80.00 -80.00 -80.00 -80.00 -80.00 -80.00 -80.00 -80.00 -80.00 -80.00 -80.00 -80.00 -80.00 -80.00 -80.00 -80.00 -62.55 -56.34 -53.56 -50.17 -46.06
 18.775 25.245 -80.00 -80.00 -80.00 -80.00 -80.00 -80.00 -80.00 -80.00 -80.00 -80.00 -80.00 -80.00 -80.00 -80.00 -80.00 -80.00 -80.00 -80.00 -80.00 -80.00 -80.00 -80.00 -80.00 -80.00 -80.00 -80.00 -80.00 -80.00 -80.00 -80.00 -80.00 -80.00 -80.00 -80.00 -80.00 -66.70 -58.85 -56.05 -52.53 -48.20
 19.260 25.372 -80.00 -80.00 -80.00 -80.00 -80.00 -80.00 -80.00 -80.00 -80.00 -80.00 -80.00 -80.00 -80.00 -80.00 -80.00 -80.00 -80.00 -80.00 -80.00 -80.00 -80.00 -80.00 -80.00 -80.00 -80.00 -80.00 -80.00 -80.00 -80.00 -80.00 -80.00 -80.00 -80.00 -80.00 -80.00 -72.82 -61.78 -58.92 -55.19 -50.50
 19.757 25.500 -80.00 -80.00 -80.00 -80.00 -80.00 -80.00 -80.00 -80.00 -80.00 -80.00 -80.00 -80.00 -80.00 -80.00 -80.00 -80.00 -80.00 -80.00 -80.00 -80.00 -80.00 -80.00 -80.00 -80.00 -80.00 -80.00 -80.00 -80.00 -80.00 -80.00 -80.00 -80.00 -80.00 -80.00 -80.00 -79.95 -65.26 -62.31 -58.21 -52.99
